DeltaG
9313.138499999954
5160.253999999968
14299.990499999982
5564.269499999969
7353.266999999923
6424.738499999952
8124.004499999977
3066.3334999999893
8208.260999999937
10129.35249999999
8286.49949999995
12696.806999999939
7787.037499999944
955.0109999999728
11960.777999999973
8648.099999999995
11410.790499999948
9717.621500000005
5595.501499999944
10196.016499999936
9472.778499999968
1730.8574999999432
6530.799999999941
8647.537999999953
5974.66099999996
3801.77549999997
9035.915999999957
5262.8224999999475
12135.690999999944
13875.967999999903
5337.342999999946
2889.755999999939
3646.658999999952
9215.88999999993
4125.535999999975
3793.6369999999474
13137.269999999942
9290.37599999995
7604.176499999932
10888.426999999956
10522.609500000002
6562.988499999945
17978.104999999978
14461.98399999995
8461.778499999939
-448.73700000004135
8011.6239999999925
13723.182999999972
6638.947499999933
6123.893999999989
9005.299499999932
-2897.02000000003
566.6554999999458
11440.815500000037
9947.302999999967
10773.47949999999
4825.1084999999475
4427.4444999999505
-2198.881500000058
13686.691999999992
16008.610999999972
10989.037999999924
8755.109999999982
8769.582999999937
2894.8374999999537
8340.03499999997
10818.756999999943
4412.601499999935
4805.879499999926
13116.697999999957
10498.12749999997
9934.403000000024
8662.000999999971
3120.9869999999387
13089.753999999983
4424.316999999963
4313.889499999936
16150.804999999975
629.2069999999691
10691.567999999967
12773.985999999957
12320.886999999955
9124.20499999994
-2162.775000000042
7365.733999999964
9116.385999999959
8717.365499999923
7866.057999999935
4526.260999999959
7898.198999999953
7906.363499999967
11959.407999999956
5293.860499999948
10796.028499999997
9831.614999999965
11251.445499999903
5484.887499999921
11820.444999999945
7882.19299999993
6842.585499999961
18013.190500000022
9018.54049999997
11317.361999999946
3574.8589999999126
2410.044499999934
11479.19449999998
13570.089499999984
7463.652999999958
5689.948499999937
4708.775499999934
7546.452499999952
8194.219499999981
8165.2934999999525
11165.634999999955
3952.075499999915
4786.515499999961
5766.015999999956
9919.706499999967
7649.64899999995
13214.348499999938
7072.833499999946
7084.490499999982
3402.6734999999203
7207.217999999924
4780.763499999983
10652.834499999979
10412.998999999949
8950.87349999994
11126.325999999946
5116.502499999999
11807.568499999947
5572.043999999947
1504.1649999999822
6962.796999999959
7755.705500000007
6285.210499999983
11539.048499999986
9762.932999999957
8019.564500000019
17171.097999999936
9583.27299999991
7788.270999999946
6399.258999999944
7270.959999999915
10324.65249999995
-1351.3555000000529
3696.8464999999446
8309.548499999994
430.8314999999162
4532.9884999999595
1529.408999999952
6316.09649999996
14102.08849999998
12688.553499999976
12192.358499999984
4915.261999999926
4438.822999999928
9718.78350000003
10656.734999999953
5861.005499999952
3972.9484999999363
6882.57699999995
19209.65649999995
9309.929999999953
8929.409499999954
3768.3240000000037
4020.2094999999276
4081.8499999999726
12355.458999999999
6365.5934999999845
15916.684999999965
10827.517499999925
7825.868499999979
832.1209999999297
171.48149999995405
12084.377499999984
5919.936999999951
11665.062999999991
951.4569999999472
10003.423999999966
-2728.8555000000674
8413.952999999976
9044.438999999922
13272.765499999961
13629.785499999994
7747.622499999936
2597.243999999922
15681.100499999968
8088.736499999966
4885.967499999937
11147.096499999967
6041.128999999983
1224.8604999999257
14586.994999999977
11020.45499999994
7267.010499999957
7338.667999999951
814.7829999999409
7804.281499999965
8893.420499999924
4569.474999999886
4728.181499999973
9238.505999999961
12016.815499999979
17224.097999999965
-4245.90600000005
10890.65149999996
11229.058499999966
15920.05549999997
6449.236000000008
8159.092499999973
1679.0649999999619
810.2794999999493
7115.119999999941
9755.215999999953
8471.630999999976
9718.616499999986
4093.0164999999647
14425.065999999973
6841.505999999947
1163.26149999996
4463.375999999978
16259.177499999958
6665.218999999972
2728.7279999999405
9223.193999999956
12626.732499999966
12577.638500000012
2158.7524999999473
15784.556999999953
4670.531999999952
11971.004499999963
10946.55999999995
10678.062999999947
6814.227999999941
17596.713499999994
2385.5299999999365
9986.165499999948
6407.196499999929
11178.351499999986
7808.17499999997
854.2019999999208
204.28149999999334
6647.696999999975
6168.545999999969
1006.8264999999407
6897.6484999999775
5838.26099999998
3605.7664999999647
9386.09549999992
1789.076499999955
3450.275499999941
6948.023999999958
11373.15999999997
2291.481499999954
8085.0854999999465
255.64599999994573
12720.165499999941
1393.9279999999376
9692.912999999975
1067.5874999999392
8314.272499999952
14283.252000000019
4867.983999999993
6527.8689999999515
10111.457499999957
9669.261999999984
5496.571499999973
7448.412999999939
12685.35099999997
9792.04349999996
11718.080499999978
5007.742999999933
7238.530499999961
7238.530499999961
17316.710999999963
15439.859000000022
4476.463499999929
10782.436499999942
4072.312999999947
505.46549999995807
6796.120999999952
6700.457499999935
10347.79649999995
6844.508999999951
11151.32849999997
14417.312999999947
6476.816499999895
7717.184999999914
9455.072999999986
10785.94299999993
6241.732499999944
9002.346499999945
3292.0264999999595
7006.00649999997
9911.55899999994
7924.1404999999395
503.6324999999739
15109.442999999996
3824.8629999999425
11270.556999999968
11420.77199999992
25254.277499999993
6356.493999999959
2382.076499999977
13234.37749999997
8321.643000000022
6255.590499999966
17955.94550000007
2359.115499999952
11034.174999999941
6138.46149999995
8110.999999999996
7611.523499999963
5060.236999999946
11014.126499999966
9705.115999999962
9162.69499999996
12482.529999999973
14250.556000000022
9613.522499999937
5075.5105
3572.4370000000013
5404.718499999941
5417.295499999938
7650.611499999981
13345.075999999997
10456.573999999953
5116.406499999972
8257.73999999995
13896.42099999997
9819.939999999933
8430.335999999963
13417.252999999979
12022.432999999986
1892.3804999999734
5925.495999999966
10845.087499999947
4490.242499999968
10967.880999999976
9740.851999999952
6462.078499999956
5392.64649999997
10156.05099999996
7010.450499999952
8835.117499999975
8685.74099999994
6973.470999999929
10127.698499999922
10997.338499999965
11491.600999999962
6065.945999999942
6059.340499999958
6840.747499999987
2071.4494999999547
21179.251999999975
4636.036499999933
10651.521999999994
8966.83399999997
8473.939499999939
7877.702499999894
9451.835999999948
5547.979499999939
11146.102499999968
7122.428000000011
10074.15199999997
9138.72249999997
7727.746500000019
7190.696000000022
13399.009499999996
9370.681500000002
8478.445999999949
4425.83849999998
5173.302999999967
2834.3869999999474
9026.580999999973
7155.889999999901
5472.165999999994
7328.36549999996
5708.802999999982
9791.115999999969
7493.518499999958
2538.806999999931
12704.104999999934
7425.121499999976
9193.169499999993
8145.532999999927
9065.241999999958
2734.6439999999525
6377.421499999964
9434.555000000004
10838.299499999961
6921.725499999939
10482.0785
6318.643499999929
4343.843499999948
4434.076999999979
15172.91199999995
4132.905999999999
10135.102999999956
9976.40949999999
10869.994499999968
4681.564999999926
4631.679499999973
9935.322499999962
13584.524999999947
5237.21249999994
7382.404999999937
8337.038999999942
6220.968999999957
12137.380500000025
5007.858999999979
4886.7104999999465
6574.190499999957
13604.443499999976
13621.610499999948
9383.36200000002
5435.396499999926
7310.466499999933
11283.865499999996
4034.322499999947
6630.364499999956
12470.110499999926
-438.8025000000529
5540.067999999952
8696.247499999936
10225.567499999972
5627.7474999999795
933.4044999999493
-4293.30700000007
6276.215499999958
8976.66149999994
-4289.029500000041
6928.283499999943
461.3234999999801
660.3164999999495
8212.938999999966
4870.712499999947
15653.812499999996
1934.944999999981
6569.379499999977
8819.97599999994
7637.034999999942
2171.418499999974
2475.147499999944
8851.941999999963
6446.149999999976
9783.215499999937
14144.992999999955
12723.634499999924
6690.217999999917
5113.92549999995
1283.6169999999433
9698.680999999964
7716.093499999941
9634.06299999997
4559.536999999964
6607.798999999952
12803.074999999957
5645.45399999998
9736.280500000004
14606.7455
6966.060499999945
5805.527499999993
13451.122000000014
11230.330499999978
14586.267499999998
16734.60449999997
3243.645499999951
13510.935499999945
6579.119499999961
5744.280999999977
3393.8289999999574
5299.199999999921
13857.47799999997
544.3034999999687
8836.26199999997
9166.090999999953
6854.33699999993
8009.794000000005
10611.111999999976
5435.889999999967
3394.4559999999433
6592.096000000001
3155.040999999935
5870.6774999999725
10970.35349999995
3557.8764999999435
-8171.954000000009
9961.96499999995
11478.084499999979
13669.244999999919
15122.079999999925
2382.505499999966
4278.367999999904
11076.917000000012
7570.668999999933
9376.693499999932
8626.196000000007
8789.409500000005
14093.164499999995
5297.469999999939
6191.7379999999575
8468.00549999993
675.3694999999458
10875.946499999987
-1060.268000000015
11519.276499999974
20121.35349999998
1036.084999999966
5537.078999999965
7861.196499999944
1347.999499999943
3274.2964999999635
12427.817999999952
7563.0994999999275
4825.678999999964
6427.113499999945
1984.8459999999354
13346.668999999933
2585.8599999999747
8532.436999999958
9951.831999999991
5212.591499999948
6394.656999999945
16683.75799999997
4834.616499999964
6009.707499999964
7756.215499999944
6429.3764999999585
10630.946999999967
6297.9654999999875
11421.910499999944
14188.202000000001
8628.277499999927
5492.680499999999
6792.324999999921
15602.890000000025
3793.807499999933
10298.058499999966
9180.145499999995
6887.543499999945
13444.817999999996
10751.561999999973
15397.863499999952
8660.932499999963
768.1859999999539
12195.713999999974
15842.763000000003
11716.71349999998
4979.731999999964
7434.154499999957
17429.508999999987
11037.005999999998
10357.909499999962
9280.714999999978
18410.89549999998
6923.62249999995
10960.79949999999
5877.669999999951
8786.356499999918
6854.33699999993
5812.09549999997
7090.923999999937
11427.552499999929
10567.90099999998
433.186499999934
6715.47849999995
8514.749999999967
9767.999999999996
14305.802999999982
5954.987999999943
6105.796999999973
14103.307499999992
2507.225999999951
7221.490499999938
3165.9674999999365
11576.837999999934
9460.048999999966
8204.830499999935
6854.33699999993
4917.962499999976
5810.712999999949
4174.417500000007
14090.685999999969
5483.534999999956
3057.270999999953
10090.722999999944
5651.979500000012
10083.586999999945
10683.964499999998
14524.550999999989
5690.752999999942
10658.778499999917
4744.860499999977
10694.989499999941
-1195.8215000000714
8439.17849999994
2545.634499999974
2605.585999999955
5964.610999999943
5780.259499999931
14943.586999999945
8947.378999999983
-2013.8090000000343
-242.06550000003006
4218.076499999992
13338.750999999957
12863.886999999926
4151.8154999998915
5397.144999999993
12988.67099999997
11162.455999999987
8720.0825
8835.026999999984
15699.75699999998
2750.831999999918
7279.24849999994
4984.752999999928
13404.993000000013
15883.28599999996
7020.74749999995
7240.684499999985
-1629.858000000077
3671.452999999961
9852.420999999933
11809.38699999994
6336.381999999958
10348.4045
-368.4930000000644
3801.785499999943
14382.24299999994
7334.257999999947
4442.789499999966
14121.470499999963
7447.217000000001
9055.36099999992
10637.681499999944
5896.579499999967
14024.836499999958
5931.757000000001
5387.623499999947
11109.66049999998
13913.988999999998
10075.544499999956
16407.956999999977
8129.81099999994
16679.398499999963
19078.732000000015
12547.158499999972
3996.520999999931
5609.0624999999745
11105.003999999968
8493.07949999996
5826.057999999986
2273.3559999999084
12023.479499999961
4676.102499999939
2285.304000000014
6843.727499999968
6749.49699999997
8257.734499999959
8432.30349999994
13495.932999999935
6284.15649999995
12737.013499999968
7068.44499999996
2609.474999999958
6113.704499999931
6180.699999999935
13415.545999999984
1299.3129999999542
11383.277499999993
10467.890999999941
10960.486499999944
7351.646499999926
14240.826499999963
11504.139499999943
16900.802499999958
4670.33849999998
15457.986
11027.081999999948
11027.10249999996
6254.007999999976
6502.875499999969
6444.289499999988
8191.614999999965
8642.89099999992
8717.094999999983
7559.490999999969
8861.240999999976
9194.77699999997
7520.798999999974
14081.255499999967
7391.564999999999
3735.1044999999535
-4538.491500000051
15011.765999999941
2892.230499999943
11922.54350000001
7453.239999999958
15401.818999999956
15009.570499999954
10241.755499999952
9315.226499999942
9447.917999999965
10554.998499999954
1741.697999999927
17935.48599999997
5568.287999999975
9481.67999999999
8008.874499999973
7184.72699999993
11412.373999999963
15223.163999999979
10848.196499999944
7446.602999999963
9908.107499999995
8988.122999999981
7427.401999999955
-982.9900000000529
9757.136499999982
9372.451499999948
6858.267999999935
10236.941499999997
9349.611499999944
12116.819499999972
11197.044499999985
4438.415499999985
1936.6674999999555
8575.931999999939
2705.502999999942
10597.71149999995
6020.783499999958
5889.429499999951
6712.476499999928
1630.0774999999298
10753.457999999995
9571.031499999965
5016.272999999983
6602.154499999971
6409.912499999951
8745.181999999983
15554.406499999921
4066.0394999999658
1653.805999999949
9774.529499999986
-381.8915000000528
6430.189499999939
6913.62699999996
8078.1229999999305
13531.928499999976
2970.60399999993
7725.960499999961
11228.239499999949
14191.216999999971
10854.721499999909
5824.793499999982
5601.091499999933
13532.531499999935
12884.124499999929
2231.0714999999286
6092.25199999996
15957.327499999952
2276.1794999999433
5505.977499999946
11914.394999999986
7736.63299999994
7755.341999999942
8456.292999999921
13703.54449999997
11727.632999999954
4111.1159999999545
12160.399499999996
8618.343499999926
8826.100999999955
4570.888499999968
14211.215500000002
6060.139499999972
5053.217999999946
2470.382999999954
4604.604999999934
6544.777500000022
3824.650999999943
11113.826499999941
4559.536999999964
6062.390999999934
9523.681499999937
9172.217499999952
9087.97399999997
13374.691499999968
6911.333999999926
8899.697999999957
6424.161999999964
-242.51000000006422
4501.122999999945
10933.50849999992
9995.013999999956
21098.177999999967
9924.047499999939
4150.37299999996
6571.074499999962
-8071.767500000009
8220.185499999974
4152.7759999999325
8041.57949999996
2291.736999999997
9795.614999999943
12766.499999999924
3193.975499999982
6873.722999999965
14079.032499999968
14778.002999999964
2191.285999999956
6721.1949999999815
3704.798499999942
2603.7144999999687
4155.039499999966
8429.912999999968
10495.835999999963
12184.704499999974
12733.441999999948
3335.80099999993
5834.0214999999625
11509.123000000003
4654.76699999996
12003.649000000016
4765.360999999957
9387.88199999995
10269.503999999939
10667.328999999994
7418.274000000016
3635.2359999999203
11937.846499999952
10609.634999999962
12451.858999999957
4187.90049999992
6761.4904999999235
10527.032999999956
5390.510999999951
5160.623999999942
21337.04649999995
12442.86150000001
1396.6899999999255
11606.713499999936
8992.174499999954
8807.539499999966
9257.95949999995
10188.401499999974
10352.637999999974
5080.690999999981
7906.855500000016
3941.0499999999406
11030.193999999956
8472.807999999972
13898.77599999995
8290.134999999933
13498.028999999948
3840.0214999999184
9021.26949999997
8961.053999999964
7645.375500000006
13388.062999999976
8427.519499999991
8833.718999999957
2430.1624999999435
11582.358499999984
6920.1464999999625
16682.04399999997
10725.878999999954
6049.343499999926
9780.958499999946
10585.316499999932
5085.706499999975
-1163.0920000000592
11255.158999999967
5186.277499999964
6948.118999999959
10570.510999999922
6227.035999999989
13812.30549999994
6228.244999999963
7414.729999999956
6520.727499999975
11427.251499999951
1235.172999999962
12349.749499999958
5971.3269999999575
12896.984500000002
3279.220999999921
1451.340999999938
12076.63649999996
10507.495999999952
7493.320499999969
6384.266499999951
8144.401999999998
3953.459499999935
7417.33449999995
12505.150499999985
11321.244999999963
9848.921999999988
6657.857499999958
4489.4485000000095
6894.563499999935
11348.665499999956
7670.487999999936
15327.110999999986
11489.957500000015
3338.2839999999956
8428.469999999947
5509.255999999961
6980.496499999961
6743.103499999965
10443.374999999924
9150.899499999923
15670.642000000033
7266.666499999988
9294.721499999967
10357.446500000002
9723.265999999956
5558.23049999998
10712.713999999989
10009.474500000008
7021.720000000012
8970.298499999957
14126.568499999932
14369.541499999938
9694.73149999999
11761.500499999933
1301.2234999999378
6496.930999999942
7297.549499999961
11785.700499999944
8843.484999999931
11562.033999999967
5542.264999999981
5147.919499999978
1782.1784999999468
7745.287999999997
10222.735499999933
6952.091499999977
13933.998999999978
7496.409499999976
4135.73099999996
3175.945999999912
8274.854999999934
55.20599999995795
7116.932999999972
4583.498999999934
5982.34049999998
8041.57949999996
13628.968000000004
3772.466999999942
6648.9444999999505
10994.732999999946
12320.96750000001
8774.197999999978
9403.951499999992
-3176.9930000000645
-2596.7970000000682
13741.288499999977
9784.047499999968
10919.462999999942
8569.151499999945
6300.463499999943
11313.18999999997
3991.97049999997
9237.06899999997
12978.544499999934
10903.647499999974
10477.649999999947
8630.837499999947
6511.89899999995
3774.1859999999756
6866.080999999951
7437.916499999988
7510.056499999944
10464.180999999979
4171.791499999945
10929.798499999957
5974.131999999958
4191.700999999961
8004.615499999982
8297.094999999968
9740.056499999959
13376.033499999914
8662.946999999975
6146.0825
7006.981499999947
6855.313499999964
1270.1304999999443
10938.964999999964
8259.921499999913
12143.687499999938
8384.358499999933
13225.627999999979
14593.33499999996
5816.655999999977
5348.677999999945
16405.841999999986
